005051
005052
005053
005054
005055
005056
005057
005058
005059
005060
005061
005062
005063
005064
005065
005066
005067
005068
005069
005070
005071
005072
005073
005074
005075
005076
005077
005078
005079
005080
005081
005082
005083
005084
005085
005086
005087
005088
005089
005090
005091
005092
005093
005094
005095
005096
005097
005098
005099
005100
005101
005102
005103
005104
005105
005106
005107
005108
005109
005110
005111
005112
005113
005114
005115
005116
005117
005118
005119
005120
005121
005122
005123
005124
005125
005126
005127
005128
005129
005130
005131
005132
005133
005134
005135
005136
005137
005138
005139
005140
005141
005142
005143
005144
005145
005146
005147
005148
005149
005150
005151
005152
005153
005154
005155
005156
005157
005158
005159
005160
005161
005162
005163
005164
005165
005166
005167
005168
005169
005170
005171
005172
005173
005174
005175
005176
005177
005178
005179
005180
005181
005182
005183
005184
005185
005186
005187
005188
005189
005190
005191
005192
005193
005194
005195
005196
005197
005198
005199
005200
005201
005202
005203
005204
005205
005206
005207
005208
005209
005210
005211
005212
005213
005214
005215
005216
005217
005218
005219
005220
005221
005222
005223
005224
005225
005226
005227
005228
005229
005230
005231
005232
005233
005234
005235
005236
005237
005238
005239
005240
005241
005242
005243
005244
005245
005246
005247
005248
005249
005250
005251
005252
005253
005254
005255
005256
005257
005258
005259
005260
005261
005262
005263
005264
005265
005266
005267
005268
005269
005270
005271
005272
005273
005274
005275
005276
005277
005278
005279
005280
005281
005282
005283
005284
005285
005286
005287
005288
005289
005290
005291
005292
005293
005294
005295
005296
005297
005298
005299
005300
005301
005302
005303
005304
005305
005306
005307
005308
005309
005310
005311
005312
005313
005314
005315
005316
005317
005318
005319
005320
005321
005322
005323
005324
005325
005326
005327
005328
005329
005330
005331
005332
005333
005334
005335
005336
005337
005338
005339
005340
005341
005342
005343
005344
005345
005346
005347
005348
005349
005350
005351
005352
005353
005354
005355
005356
005357
005358
005359
005360
005361
005362
005363
005364
005365
005366
005367
005368
005369
005370
005371
005372
005373
005374
005375
005376
005377
005378
005379
005380
005381
005382
005383
005384
005385
005386
005387
005388
005389
005390
005391
005392
005393
005394
005395
005396
005397
005398
005399
005400
005401
005402
005403
005404
005405
005406
005407
005408
005409
005410
005411
005412
005413
005414
005415
005416
005417
005418
005419
005420
005421
005422
005423
005424
005425
005426
005427
005428
005429
005430
005431
005432
005433
005434
005435
005436
005437
005438
005439
005440
005441
005442
005443
005444
005445
005446
005447
005448
005449
005450
005451
005452
005453
005454
005455
005456
005457
005458
005459
005460
005461
005462
005463
005464
005465
005466
005467
005468
005469
005470
005471
005472
005473
005474
005475
005476
005477
005478
005479
005480
005481
005482
005483
005484
005485
005486
005487
005488
005489
005490
005491
005492
005493
005494
005495
005496
005497
005498
005499
005500
005501
005502
005503
005504
005505
005506
005507
005508
005509
005510
005511
005512
005513
005514
005515
005516
005517
005518
005519
005520
005521
005522
005523
005524
005525
005526
005527
005528
005529
005530
005531
005532
005533
005534
005535
005536
005537
005538
005539
005540
005541
005542
005543
005544
005545
005546
005547
005548
005549
005550
005551
005552
005553
005554
005555
005556
005557
005558
005559
005560
005561
005562
005563
005564
005565
005566
005567
005568
005569
005570
005571
005572
005573
005574
005575
005576
005577
005578
005579
005580
005581
005582
005583
005584
005585
005586
005587
005588
005589
005590
005591
005592
005593
005594
005595
005596
005597
005598
005599
005600
005601
005602
005603
005604
005605
005606
005607
005608
005609
005610
005611
005612
005613
005614
005615
005616
005617
005618
005619
005620
005621
005622
005623
005624
005625
005626
005627
005628
005629
005630
005631
005632
005633
005634
005635
005636
005637
005638
005639
005640
005641
005642
005643
005644
005645
005646
005647
005648
005649
005650
005651
005652
005653
005654
005655
005656
005657
005658
005659
005660
005661
005662
005663
005664
005665
005666
005667
005668
005669
005670
005671
005672
005673
005674
005675
005676
005677
005678
005679
005680
005681
005682
005683
005684
005685
005686
005687
005688
005689
005690
005691
005692
005693
005694
005695
005696
005697
005698
005699
005700
005701
005702
005703
005704
005705
005706
005707
005708
005709
005710
005711
005712
005713
005714
005715
005716
005717
005718
005719
005720
005721
005722
005723
005724
005725
005726
005727
005728
005729
005730
005731
005732
005733
005734
005735
005736
005737
005738
005739
005740
005741
005742
005743
005744
005745
005746
005747
005748
005749
005750
005751
005752
005753
005754
005755
005756
005757
005758
005759
005760
005761
005762
005763
005764
005765
005766
005767
005768
005769
005770
005771
005772
005773
005774
005775
005776
005777
005778
005779
005780
005781
005782
005783
005784
005785
005786
005787
005788
005789
005790
005791
005792
005793
005794
005795
005796
005797
005798
005799
005800
005801
005802
005803
005804
005805
005806
005807
005808
005809
005810
005811
005812
005813
005814
005815
005816
005817
005818
005819
005820
005821
005822
005823
005824
005825
005826
005827
005828
005829
005830
005831
005832
005833
005834
005835
005836
005837
005838
005839
005840
005841
005842
005843
005844
005845
005846
005847
005848
005849
005850
005851
005852
005853
005854
005855
005856
005857
005858
005859
005860
005861
005862
005863
005864
005865
005866
005867
005868
005869
005870
005871
005872
005873
005874
005875
005876
005877
005878
005879
005880
005881
005882
005883
005884
005885
005886
005887
005888
005889
005890
005891
005892
005893
005894
005895
005896
005897
005898
005899
005900
005901
005902
005903
005904
005905
005906
005907
005908
005909
005910
005911
005912
005913
005914
005915
005916
005917
005918
005919
005920
005921
005922
005923
005924
005925
005926
005927
005928
005929
005930
005931
005932
005933
005934
005935
005936
005937
005938
005939
005940
005941
005942
005943
005944
005945
005946
005947
005948
005949
005950
005951
005952
005953
005954
005955
005956
005957
005958
005959
005960
005961
005962
005963
005964
005965
005966
005967
005968
005969
005970
005971
005972
005973
005974
005975
005976
005977
005978
005979
005980
005981
005982
005983
005984
005985
005986
005987
005988
005989
005990
005991
005992
005993
005994
005995
005996
005997
005998
005999
006000
006001
006002
006003
006004
006005
006006
006007
006008
006009
006010
006011
006012
006013
006014
006015
006016
006017
006018
006019
006020
006021
006022
006023
006024
006025
006026
006027
006028
006029
006030
006031
006032
006033
006034
006035
006036
006037
006038
006039
006040
006041
006042
006043
006044
006045
006046
006047
006048
006049
006050
006051
006052
006053
006054
006055
006056
006057
006058
006059
006060
006061
006062
006063
006064
006065
006066
006067
006068
006069
006070
006071
006072
006073
006074
006075
006076
006077
006078
006079
006080
006081
006082
006083
006084
006085
006086
006087
006088
006089
006090
006091
006092
006093
006094
006095
006096
006097
006098
006099
006100
006101
006102
006103
006104
006105
006106
006107
006108
006109
006110
006111
006112
006113
006114
006115
006116
006117
006118
006119
006120
006121
006122
006123
006124
006125
006126
006127
006128
006129
006130
006131
006132
006133
006134
006135
006136
006137
006138
006139
006140
006141
006142
006143
006144
006145
006146
006147
006148
006149
006150
006151
006152
006153
006154
006155
006156
006157
006158
006159
006160
006161
006162
006163
006164
006165
006975
006976
006977
006978
006979
006980
006985
006986
006993
006994
007003
007016
007017
007018
007019
007045
007046
007047
007048
007049
007051
007052
007068
007069
007070
007071
007072
007073
007074
007075
007076
007077
007078
007080
007081
007082
007087
007088
007089
007090
007091
007092
007093
007121
007122
007123
007124
007125
007126
007127
007128
007129
007130
007131
007132
007133
007140
007141
007142
007143
007144
007155
007156
007157
007158
007159
007160
007161
007164
007165
007166
007167
007168
007169
007170
007186
007187
007207
007208
007209
007210
007224
007225
007226
007227
007228
007229
007230
007231
007232
007233
007234
007235
007236
007237
007238
007244
007245
007246
007247
007248
007249
007250
007251
007252
007253
007254
007255
007256
007259
007260
007261
007262
007263
007264
007265
007266
007267
007268
007269
007270
007271
007272
007273
007274
007275
007276
007277
007278
007279
007280
007281
007282
007283
007284
007285
007286
007287
007288
007290
007291
007292
007293
007297
007298
007299
007300
007301
007302
007303
007304
007305
007309
007310
007311
007312
007313
007314
007315
007323
007324
007325
007326
007327
007328
007329
007330
007335
007336
007337
007349
007350
007351
007352
007353
007358
007359
007360
007361
007366
007367
007368
007371
007372
007373
007374
007377
007378
007385
007386
007387
007393
007394
007403
007404
007405
007406
007407
007408
007409
007410
007411
007412
007413
007414
007415
007416
007429
007430
007431
007432
007433
007440
007441
007442
007443
007444
007445
007446
007447
007448
007452
007453
007454
007455
007462
007463
007464
007465
007466
007467
007468
007469
007470
007471
007472
007473
007474
007475
007476
007477
007478
007479
007480
007481
007482
007483
007484
007485
007486
007487
007488
007489
007490
007491
007492
007493
007494
007495
007504
007505
007506
007507
007508
007509
007513
007514
007515
007516
007517
007518
007519
007520
007521
007533
007534
007537
007538
007539
007540
007541
007542
007543
007544
007545
007546
007547
007548
007549
007555
007556
007557
007558
007559
007568
007569
007570
007571
007572
007573
007574
007575
007579
007580
007581
007582
007583
007584
007585
007586
007589
007590
007591
007608
007609
007610
007612
007620
007621
007622
007626
007627
007628
007629
007630
007631
007632
007636
007637
007640
007641
007649
007650
007651
007652
007656
007657
007658
007659
007660
007663
007664
007665
007666
007667
007668
007669
007670
007671
007672
007673
007677
007678
007679
007680
007681
007682
007683
007684
007685
007690
007693
007694
007695
007696
007697
007711
007712
007719
007720
007721
007729
007730
007745
007746
007752
007753
007754
007755
007756
007757
007770
007771
007772
007773
007774
007775
007776
007777
007778
007779
007780
007781
007782
007783
007784
007785
007786
007787
007788
007789
007790
007791
007792
007793
007794
007795
007796
007797
007798
007799
007800
007801
007802
007803
007804
007805
007806
007807
007808
007809
007810
007811
007812
007813
007814
007815
007816
007817
007818
007819
007820
007821
007822
007823
007824
007825
007826
007827
007828
007829
007830
007831
007832
007833
007834
007835
007836
007837
007838
007839
007840
007841
007842
007843
007844
007845
007846
007847
007848
007849
007850
007851
007852
007853
007854
007855
007856
007857
007858
007859
007860
007861
007862
007863
007864
007865
007866
007867
007868
007869
007870
007871
007872
007873
007874
007875
007876
007877
007878
007879
007880
007881
007882
007883
007884
007885
007886
007887
007888
007889
007890
007891
007892
007893
007894
007895
007896
007897
007898
007899
007900
007901
007902
007903
007904
007905
007906
007907
008048
008049
008050
008051
008052
008053
008054
008055
008056
008057
008058
008059
008060
008061
008062
008063
008064
008065
008066
008067
008068
008069
008070
008071
008072
008073
008074
008075
008076
008077
008078
008079
008080
008081
008082
008083
008084
008085
008086
008087
008088
008089
008090
008091
008092
008093
008094
008095
008096
008097
008098
008099
008100
008101
008102
008103
008104
008105
008106
008107
008108
008109
008110
008111
008112
008113
008114
008115
008116
008117
008118
008119
008120
008121
008122
008123
008124
008125
008126
008127
008128
008129
008130
008131
008132
008133
008134
008135
008136
008137
008138
008139
008140
008141
008142
008143
008144
008145
008146
008147
008148
008149
008150
008151
008152
008153
008154
008155
008156
008157
008158
008159
008160
008161
008162
008163
008164
008165
008166
008167
008168
008169
008170
008171
008172
008173
008174
008175
008176
008177
008178
008179
008180
008181
008182
008183
008184
008185
008186
008187
008188
008189
008190
008191
008192
008193
008194
008195
008196
008197
008198
008199
008200
008201
008202
008203
008204
008205
008206
008207
008208
008209
008210
008211
008212
008213
008214
008215
008216
008217
008218
008219
008220
008221
008222
008223
008224
008225
008226
008227
008228
008229
008230
008231
008232
008233
008234
008235
008236
008237
008238
008239
008240
008241
008242
008243
008244
008245
008246
008247
008248
008249
008250
008251
008252
008253
008254
008255
008256
008257
008258
008259
008260
008261
008262
008263
008264
008265
008266
008267
008268
008269
008270
008271
008272
008273
008274
008275
008276
008277
008278
008279
008280
008281
008282
008283
008284
008285
008286
008287
008288
008289
008290
008291
008292
008293
008294
008295
008296
008297
008298
008299
008300
008301
008302
008303
008304
008305
008306
008307
008308
008309
008310
008311
008312
008313
008314
008315
008316
008317
008318
008319
008320
008321
008322
008323
008324
008325
008326
008327
008328
008329
008330
008331
008332
008333
008334
008335
008336
008337
008338
008339
008340
008341
008342
008343
008344
008345
008346
008347
008348
008349
008350
008351
008352
008353
008354
008355
008356
008357
008358
008359
008360
008361
008362
008363
008364
008365
008366
008367
008368
008369
008370
008371
008372
008373
008374
008375
008376
008377
008378
008379
008380
008381
008382
008383
008384
008385
008386
008387
008388
008389
008390
008391
008392
008393
008394
008395
008396
008397
008398
008399
008400
008401
008402
008403
008404
008405
008406
008407
008408
008409
008410
008411
008412
008413
008414
008415
008416
008417
008418
008419
008420
008421
008422
008423
008424
008425
008426
008427
008428
008429
008430
008431
008432
008433
008434
008435
008436
008437
008438
008439
008440
008441
008442
008443
008444
008445
008446
008447
008448
008449
008450
008451
008452
008453
008454
008455
008456
008457
008458
008459
008460
008461
008462
008463
008464
008465
008466
008467
008468
008469
008470
008471
008472
008473
008474
008475
008476
008477
008478
008479
008480
008481
008482
008483
008484
008485
008486
008487
008488
008489
008490
008491
008492
008493
008494
008495
008496
008497
008498
008499
008500
008501
008502
008503
008504
008505
008506
008507
008508
008509
008510
008511
008512
008513
008514
008515
008516
008517
008518
008519
008520
008521
008522
008523
008524
008525
008526
008527
008528
008529
008530
008531
008532
008533
008534
008535
008536
008537
008538
008539
008540
008541
008542
008543
008544
008545
008546
008547
008548
008549
008550
008551
008552
008553
008554
008555
008556
008557
008558
008559
008560
008561
008562
008563
008564
008565
008566
008567
008568
008569
008570
008571
008572
008573
008574
008575
008576
008577
008578
008579
008580
008581
008582
008583
008584
008585
008586
008587
008588
008589
008590
008591
008592
008593
008594
008595
008596
008597
008598
008599
008600
008601
008602
008603
008604
008605
008606
008607
008608
008609
008610
008611
008612
008613
008614
008615
008616
008617
008618
008619
008620
008621
008622
008623
008624
008625
008626
008627
008628
008629
008630
008631
008632
008633
008634
008635
008636
008637
008638
008639
008640
008641
008642
008643
008644
008645
008646
008647
008648
008649
008650
008651
008652
008653
008654
008655
008656
008657
008658
008659
008660
008661
008662
008663
008664
008665
008666
008667
008668
008669
008670
008671
008672
008673
008674
008675
008676
008677
008678
008679
008680
008681
008682
008683
008684
008685
008686
008687
008688
008689
008690
008691
008692
008693
008694
008695
008696
008697
008698
008699
008700
008701
008702
008703
008704
008705
008706
008707
008708
008709
008710
008711
008712
008713
008714
008715
008716
008717
008718
008719
008720
008721
008722
008723
008724
008725
008726
008727
008728
008729
008730
008731
008732
008733
008734
008735
008736
008737
008738
008739
008740
008741
008742
008743
008744
008745
008746
008747
008748
008749
008750
008751
008752
008753
008754
008755
008756
008757
008758
008759
008760
008761
008762
008763
008764
008765
008766
008767
008768
008769
008770
008771
008772
008773
008774
008775
008776
008777
008778
008779
008780
008781
008782
008783
008784
008785
008786
008787
008788
008789
008790
008791
008792
008793
008794
008795
008796
008797
008798
008799
008800
008801
008802
008803
008804
008805
008806
008807
008808
008809
008810
008811
008812
008813
008814
008815
008816
008817
008818
008819
008820
008821
008822
008823
008824
008825
008826
008827
008828
008829
008830
008831
008832
008833
008834
008835
008836
008837
008838
008839
008840
008841
008842
008843
008844
008845
008846
008847
008848
008849
008850
008851
008852
008853
008854
008855
008856
008857
008858
008859
008860
008861
008862
008863
008864
008865
008866
008867
008868
008869
008870
008871
008872
008873
008874
008875
008876
008877
008878
008879
008880
008881
008882
008883
008884
008885
008886
008887
008888
008889
008890
008891
008892
008893
008894
008895
008896
008897
008898
008899
008900
008901
008902
008903
008904
008905
008906
008907
010164
010165
010166
010167
010168
010169
010170
010171
010172
010173
010174
010175
010176
010177
010178
010179
010180
010181
010182
010183
010184
010185
010186
010187
010188
010189
010190
010191
010192
010193
010194
010195
010196
010197
010198
010199
010200
010201
010202
010203
010204
010205
010206
010207
010208
010209
010210
010211
010212
010213
010214
010215
010216
010217
010218
010219
010220
010221
010222
010223
010224
010225
010226
010227
010228
010229
010230
010231
010232
010233
010234
010235
010236
010237
010238
010239
010240
010241
010242
010243
010244
010245
010246
010247
010248
010249
010250
010251
010252
010253
010254
010255
010256
010257
010258
010259
010260
010261
010262
010263
010264
010265
010266
010267
010268
010269
010270
010271
010272
010273
010274
010275
010276
010277
010278
010279
010280
010281
010282
010283
010284
010285
010286
010287
010288
010289
010290
010291
010292
010293
010294
010295
010296
010297
010298
010299
010300
010301
010302
010303
010304
010305
010306
010307
010308
010309
010310
010311
010312
010313
010314
010315
010316
010317
010318
010319
010320
010321
010322
010323
010324
010325
010326
010327
010328
010329
010330
010331
010332
010333
010334
010335
